 281.2
 281.2
 281.2
 281.2
 293.6
 305.4
 316.3
 326.3
   335
 342.6
 349.4
 356.1
 363.2
 371.4
 381.2
 393.2
   408
   426
 445.9
 466.5
 486.4
 504.2
 518.6
 518.6
 518.6
 518.6
 516.6
 500.1
 478.6
 453.1
 424.4
 393.5
 361.1
   328
   294
 258.6
 221.4
 181.9
 139.8
 94.63
  45.9
-6.678
-62.88
-122.4
-184.8
-249.8
-317.1
-386.4
-457.2
-529.2
-602.2
-675.6
-749.2
-822.5
-895.2
-966.9
 -1037
 -1106
 -1173
 -1237
 -1299
 -1359
 -1416
 -1470
 -1521
 -1568
 -1611
 -1650
 -1682
 -1709
 -1728
 -1728
 -1728
 -1728
 -1720
 -1695
 -1663
 -1623
 -1575
 -1520
 -1459
 -1392
 -1319
 -1241
 -1159
 -1074
-985.4
-895.1
-803.4
-710.9
-617.8
-524.1
-429.9
-335.4
-240.6
-145.6
-50.54
 44.45
 138.6
 231.1
   321
 407.6
 489.9
 567.1
 638.4
 703.1
 760.9
 811.8
 855.8
 892.9
 922.9
 945.9
 961.7
 961.7
 961.7
 961.7
 958.9
 943.8
 924.1
   900
 872.1
 840.9
 806.6
 769.7
 730.4
   689
   646
 601.6
 556.2
 510.1
 464.2
 419.4
 376.5
 336.3
 299.9
   268
 241.5
 221.1
 206.5
 197.1
 197.1
 197.1
 197.1
 200.6
 208.9
 219.2
 230.8
 243.2
 255.7
   268
 279.3
 289.2
   297
 302.4
 305.9
 307.9
 309.2
 310.3
 311.8
 314.4
 318.6
 324.8
 333.2
 343.3
 355.1
 368.3
 382.8
 398.2
 414.5
 431.4
 448.7
 466.1
 483.4
 500.2
 516.5
 531.9
 546.1
 559.1
 570.7
 581.2
 590.5
 598.7
 606.1
 612.5
 618.2
 623.1
 627.1
 629.9
 629.9
 629.9
 629.9
 626.2
 620.3
 612.2
 602.1
 590.6
 578.3
 565.4
 552.7
 540.4
 529.2
 519.5
 511.4
 505.1
 500.8
 500.8
 500.8
 500.8
 505.8
 513.3
 523.6
 536.8
 552.7
 571.6
 593.5
 618.4
 646.4
 677.4
 711.1
 746.9
 784.3
 822.7
 861.7
 900.7
 939.3
 976.7
  1012
  1045
  1073
  1097
  1114
  1114
  1114
  1114
  1108
  1084
  1053
  1012
 963.2
 905.8
 840.1
 766.2
 684.4
 595.2
 499.1
 396.4
 287.6
 173.2
 53.61
-70.73
-199.2
-331.2
  -466
  -603
-741.6
-881.2
 -1021
 -1160
 -1298
 -1434
 -1565
 -1691
 -1811
 -1924
 -2028
 -2122
 -2207
 -2282
 -2346
 -2401
 -2446
 -2480
 -2505
 -2505
 -2505
 -2505
 -2505
 -2482
 -2452
 -2414
 -2369
 -2317
 -2258
 -2194
 -2123
 -2048
 -1967
 -1881
 -1791
 -1697
 -1600
 -1499
 -1397
 -1293
 -1188
 -1084
-979.6
-876.8
-775.6
-676.4
-579.6
-485.5
-394.4
-306.8
  -223
-143.2
-67.32
 4.879
 73.62
 139.1
 201.6
 261.4
 318.6
 373.5
 426.8
   479
 530.9
 583.1
 636.2
 690.9
 747.9
 807.5
 869.9
 934.6
  1002
  1070
  1141
  1213
  1286
  1360
  1434
  1506
  1575
  1639
  1699
  1751
  1795
  1830
  1854
  1854
  1854
  1854
  1848
  1819
  1778
  1724
  1659
  1582
  1494
  1396
  1287
  1168
  1040
 901.9
 755.4
 600.5
 437.9
 267.8
 90.79
-92.64
  -282
-476.7
-675.1
-875.4
 -1076
 -1274
 -1469
 -1659
 -1842
 -2016
 -2178
 -2329
 -2465
 -2584
 -2686
 -2767
 -2827
 -2833
 -2833
 -2833
 -2833
 -2777
 -2698
 -2597
 -2474
 -2328
 -2162
 -1978
 -1776
 -1560
 -1331
 -1090
-839.5
-581.2
-317.1
-49.02
   221
 491.1
 759.3
  1024
  1282
  1533
  1774
  2004
  2220
  2421
  2605
  2770
  2914
  3035
  3134
  3209
  3263
  3263
  3263
  3263
  3252
  3194
  3116
  3021
  2912
  2789
  2657
  2517
  2372
  2224
  2073
  1921
  1768
  1614
  1460
  1306
  1154
  1003
 852.9
 702.9
 552.3
 400.2
   246
 88.81
-72.06
  -237
-404.6
  -573
-740.5
-905.2
 -1065
 -1219
 -1365
 -1501
 -1626
 -1740
 -1841
 -1929
 -2004
 -2064
 -2110
 -2139
 -2139
 -2139
 -2139
 -2127
 -2099
 -2063
 -2022
 -1977
 -1928
 -1874
 -1816
 -1755
 -1689
 -1619
 -1545
 -1467
 -1385
 -1300
 -1212
 -1120
 -1026
-929.6
  -831
-730.4
-628.1
-524.1
-418.5
-311.5
-203.1
-93.51
 17.21
 128.9
 241.6
 355.1
 469.3
 584.2
 699.7
 815.6
   932
  1048
  1164
  1277
  1386
  1490
  1587
  1676
  1755
  1824
  1882
  1927
  1961
  1961
  1961
  1961
  1958
  1921
  1870
  1805
  1726
  1636
  1534
  1421
  1297
  1164
  1024
 875.9
   723
 566.2
 406.8
 246.3
 86.17
-72.27
-227.5
  -378
-522.3
-658.8
-786.1
-902.6
 -1007
 -1098
 -1175
 -1240
 -1292
 -1332
 -1360
 -1367
 -1367
 -1367
 -1367
 -1345
 -1317
 -1282
 -1243
 -1199
 -1153
 -1105
 -1056
 -1007
-958.7
-911.9
-867.3
-825.7
  -788
-754.7
-725.8
-700.9
-679.8
-662.2
-647.7
-636.2
-627.3
-620.5
-614.7
-608.8
-601.4
-591.4
-577.3
  -558
-532.3
-499.1
-458.6
-411.2
-357.4
-297.5
-232.1
-161.5
-86.17
-6.524
 77.11
 164.4
 255.1
 348.9
 445.4
 544.4
 645.4
 748.5
   854
 962.4
  1074
  1190
  1311
  1437
  1569
  1706
  1848
  1990
  2131
  2268
  2398
  2519
  2628
  2722
  2799
  2857
  2857
  2857
  2857
  2843
  2767
  2656
  2513
  2340
  2138
  1908
  1653
  1374
  1073
 752.2
 414.4
 62.66
-299.8
-669.8
 -1044
 -1420
 -1794
 -2162
 -2524
 -2874
 -3212
 -3533
 -3837
 -4118
 -4376
 -4608
 -4811
 -4982
 -5121
 -5224
 -5240
 -5240
 -5240
 -5240
 -5135
 -4985
 -4789
 -4546
 -4255
 -3915
 -3527
 -3090
 -2608
 -2085
 -1527
-937.5
-322.1
 314.8
 968.5
  1634
  2304
  2972
  3631
  4274
  4892
  5480
  6030
  6536
  6996
  7408
  7772
  8086
  8349
  8560
  8719
  8819
  8819
  8819
  8819
  8716
  8564
  8363
  8116
  7822
  7482
  7098
  6670
  6199
  5685
  5129
  4531
  3895
  3224
  2524
  1802
  1064
 316.3
-435.9
 -1186
 -1929
 -2657
 -3367
 -4051
 -4705
 -5323
 -5899
 -6427
 -6904
 -7327
 -7698
 -8015
 -8281
 -8493
 -8654
 -8762
 -8762
 -8762
 -8762
 -8681
 -8537
 -8345
 -8106
 -7821
 -7492
 -7121
 -6713
 -6272
 -5802
 -5306
 -4789
 -4255
 -3708
 -3154
 -2599
 -2049
 -1509
-985.8
-485.4
-13.83
   424
 826.8
  1194
  1526
  1821
  2080
  2303
  2488
  2636
  2748
  2827
  2851
  2851
  2851
  2851
  2794
  2715
  2618
  2505
  2378
  2240
  2093
  1940
  1784
  1627
  1473
  1325
  1188
  1065
   961
 878.8
 822.7
 822.7
 822.7
 822.7
 866.1
 931.6
  1014
  1110
  1217
  1332
  1451
  1568
  1680
  1781
  1866
  1931
  1931
  1931
  1931
  1924
  1862
  1781
  1685
  1576
  1457
  1331
  1198
  1059
 912.9
 760.7
 602.4
 438.2
 268.2
 92.21
-92.12
-287.4
-496.5
  -722
-966.6
 -1233
 -1524
 -1841
 -2179
 -2531
 -2891
 -3253
 -3609
 -3955
 -4282
 -4586
 -4860
 -5099
 -5297
 -5450
 -5495
 -5495
 -5495
 -5495
 -5348
 -5140
 -4876
 -4559
 -4193
 -3780
 -3326
 -2833
 -2305
 -1746
 -1160
-549.8
 80.62
 727.6
  1387
  2056
  2727
  3395
  4053
  4695
  5314
  5904
  6459
  6973
  7439
  7852
  8205
  8494
  8712
  8775
  8775
  8775
  8775
  8584
  8318
  7980
  7576
  7109
  6583
  6004
  5378
  4713
  4015
  3292
  2550
  1799
  1044
 292.3
-451.2
 -1182
 -1897
 -2590
 -3259
 -3898
 -4504
 -5072
 -5598
 -6079
 -6512
 -6892
 -7216
 -7481
 -7682
 -7817
 -7817
 -7817
 -7817
 -7736
 -7572
 -7357
 -7091
 -6778
 -6424
 -6035
 -5616
 -5175
 -4716
 -4246
 -3772
 -3298
 -2827
 -2361
 -1902
 -1451
 -1010
  -581
  -166
 233.9
 617.9
 985.9
  1338
  1673
  1992
  2293
  2578
  2845
  3095
  3330
  3548
  3752
  3941
  4116
  4278
  4427
  4564
  4690
  4806
  4912
  5010
  5100
  5184
  5261
  5329
  5386
  5430
  5430
  5430
  5430
  5425
  5366
  5280
  5165
  5020
  4842
  4630
  4382
  4097
  3773
  3414
  3021
  2599
  2150
  1678
  1185
 674.6
 150.5
-384.1
-925.5
 -1470
 -2013
 -2553
 -3084
 -3603
 -4107
 -4592
 -5056
 -5495
 -5907
 -6289
 -6638
 -6950
 -7223
 -7454
 -7641
 -7780
 -7810
 -7810
 -7810
 -7810
 -7673
 -7477
 -7221
 -6908
 -6539
 -6115
 -5637
 -5105
 -4523
 -3895
 -3226
 -2524
 -1793
 -1040
-269.7
 510.8
  1296
  2079
  2854
  3613
  4349
  5057
  5729
  6358
  6939
  7466
  7936
  8344
  8688
  8962
  9164
  9188
  9188
  9188
  9188
  9001
  8742
  8411
  8011
  7544
  7012
  6421
  5777
  5086
  4354
  3588
  2793
  1976
  1143
 300.9
-541.7
 -1378
 -2199
 -2999
 -3770
 -4503
 -5192
 -5832
 -6416
 -6939
 -7397
 -7784
 -8094
 -8323
 -8387
 -8387
 -8387
 -8387
 -8197
 -7928
 -7582
 -7159
 -6663
 -6101
 -5481
 -4812
 -4102
 -3360
 -2593
 -1811
 -1021
  -232
 548.7
  1313
  2053
  2760
  3428
  4047
  4612
  5117
  5561
  5941
  6253
  6495
  6665
  6665
  6665
  6665
  6586
  6389
  6128
  5806
  5427
  4995
  4515
  3992
  3435
  2851
  2247
  1632
  1013
 396.6
-208.9
-798.5
 -1367
 -1910
 -2423
 -2899
 -3335
 -3726
 -4066
 -4357
 -4597
 -4788
 -4929
 -5004
 -5004
 -5004
 -5004
 -4905
 -4767
 -4592
 -4386
 -4152
 -3894
 -3617
 -3325
 -3022
 -2713
 -2403
 -2095
 -1794
 -1505
 -1233
  -981
-750.1
-540.8
-353.5
-188.7
-46.68
 72.17
 167.5
 239.3
   290
 322.2
 322.2
 322.2
 322.2
 321.7
 303.1
 282.5
 262.1
 244.2
 240.5
 240.5
 240.5
 240.5
 267.4
 309.4
 366.1
 436.7
 520.7
 617.1
 725.2
 844.3
 973.7
  1112
  1257
  1405
  1553
  1698
  1837
  1967
  2084
  2186
  2271
  2338
  2386
  2386
  2386
  2386
  2359
  2291
  2200
  2086
  1952
  1798
  1627
  1440
  1238
  1024
 798.9
 565.2
 324.7
 79.33
  -169
-418.2
-666.5
-911.7
 -1152
 -1385
 -1608
 -1819
 -2017
 -2198
 -2362
 -2504
 -2625
 -2723
 -2796
 -2810
 -2810
 -2810
 -2810
 -2738
 -2635
 -2503
 -2343
 -2158
 -1947
 -1714
 -1459
 -1184
-891.8
-585.5
-268.3
 57.03
 387.3
 719.5
  1051
  1378
  1699
  2012
  2315
  2606
  2884
  3145
  3389
  3614
  3817
  3999
  4158
  4292
  4402
  4484
  4534
  4534
  4534
  4534
  4475
  4387
  4269
  4123
  3947
  3743
  3511
  3253
  2972
  2670
  2347
  2007
  1651
  1280
 899.6
 511.8
 120.7
-270.3
-657.6
 -1038
 -1407
 -1761
 -2098
 -2415
 -2708
 -2974
 -3211
 -3414
 -3582
 -3712
 -3804
 -3817
 -3817
 -3817
 -3817
 -3738
 -3627
 -3488
 -3323
 -3136
 -2930
 -2709
 -2477
 -2237
 -1993
 -1749
 -1506
 -1265
 -1027
-794.9
-568.4
-349.1
-138.5
 62.45
 253.1
 433.1
 601.9
 759.1
 904.3
  1037
  1157
  1263
  1354
  1429
  1485
  1501
  1501
  1501
  1501
  1446
  1365
  1262
  1136
 988.5
 821.4
 635.3
 431.4
 211.2
-22.41
-266.3
-517.1
-771.6
 -1027
 -1279
 -1526
 -1763
 -1989
 -2202
 -2400
 -2581
 -2743
 -2883
 -3001
 -3093
 -3161
 -3168
 -3168
 -3168
 -3168
 -3104
 -3012
 -2893
 -2748
 -2579
 -2389
 -2179
 -1952
 -1708
 -1451
 -1182
-903.5
-619.6
-332.8
-46.13
 237.4
 514.7
 782.9
  1039
  1281
  1508
  1718
  1910
  2081
  2230
  2356
  2458
  2535
  2590
  2592
  2592
  2592
  2592
  2543
  2477
  2395
  2299
  2193
  2077
  1956
  1830
  1703
  1576
  1451
  1328
  1210
  1097
 990.1
 890.8
   800
 718.8
 646.9
 584.1
 529.9
   484
 446.1
 415.7
 392.6
 376.2
   366
   366
   366
   366
 371.4
 380.6
 391.6
 403.4
 415.1
 425.6
 433.9
 433.9
 433.9
 433.9
 423.6
 405.1
 378.8
 344.7
 302.7
 252.5
 194.1
 127.3
    52
-31.75
-122.8
-219.7
  -321
-425.4
-531.5
-637.8
-742.9
-845.4
-943.3
 -1035
 -1118
 -1191
 -1251
 -1297
 -1310
 -1310
 -1310
 -1310
 -1270
 -1214
 -1141
 -1053
-949.1
-830.8
-699.9
-558.7
-409.7
  -255
-97.19
 61.57
 218.9
 372.6
 521.5
 664.7
 801.1
 929.8
  1050
  1160
  1260
  1348
  1423
  1486
  1535
  1570
  1570
  1570
  1570
  1551
  1504
  1441
  1362
  1266
  1155
  1028
 885.8
 729.2
 561.4
 386.5
 208.2
 30.48
-142.8
-307.7
-460.3
-597.2
-716.5
  -817
-897.1
-955.5
-955.5
-955.5
-955.5
-945.9
-880.6
-794.4
-690.4
-571.7
-441.5
-302.8
-158.9
-12.58
 134.2
 279.7
 422.2
 560.1
 691.6
 814.9
 928.4
  1030
  1120
  1196
  1257
  1303
  1310
  1310
  1310
  1310
  1264
  1197
  1109
 999.1
 867.8
 714.2
 537.7
 338.7
 119.7
  -116
-365.4
-625.2
-892.1
 -1163
 -1435
 -1704
 -1966
 -2218
 -2455
 -2673
 -2867
 -3034
 -3170
 -3270
 -3322
 -3322
 -3322
 -3322
 -3250
 -3144
 -3005
 -2834
 -2634
 -2408
 -2161
 -1897
 -1618
 -1328
 -1032
  -732
-432.3
-135.3
 155.8
 438.2
 708.8
 964.6
  1203
  1421
  1617
  1790
  1940
  2065
  2165
  2238
  2257
  2257
  2257
  2257
  2199
  2120
  2022
  1906
  1774
  1627
  1470
  1303
  1131
 955.8
 779.9
 606.2
 437.6
 276.3
   123
-21.78
-157.8
-284.7
-402.2
-509.8
-607.3
-694.4
-771.4
-838.9
-897.1
-946.7
  -988
 -1022
 -1048
 -1067
 -1079
 -1079
 -1079
 -1079
 -1067
 -1049
 -1026
-998.5
-965.9
-929.2
  -889
-845.8
-800.2
-752.7
-703.8
-654.1
-603.9
-553.6
-503.7
-454.5
-406.3
-359.6
-314.8
-272.2
-231.9
-194.3
-159.5
-127.7
-99.03
-73.75
-52.02
-33.82
-18.22
-4.095
 9.706
 24.32
 40.89
 60.55
 84.44
 113.6
 148.2
 188.7
 235.1
 287.8
 346.8
 412.4
 484.8
 563.6
 646.4
   730
 811.4
 887.5
 955.3
  1012
  1054
  1054
  1054
  1054
  1053
  1013
 956.9
 886.6
   802
 704.2
 596.6
 483.3
 368.3
 255.6
 149.1
 53.06
-28.68
-92.84
-139.3
-162.4
-162.4
-162.4
-162.4
  -131
-86.05
-28.47
 40.22
 118.3
 204.1
 295.8
 391.8
 490.4
 589.8
 689.1
   790
   895
  1007
  1127
  1259
  1406
  1568
  1750
  1948
  2164
  2395
  2640
  2898
  3168
  3448
  3737
  4028
  4314
  4587
  4840
  5067
  5259
  5410
  5512
  5512
  5512
  5512
  5422
  5272
  5069
  4813
  4504
  4151
  3760
  3339
  2897
  2442
  1982
  1525
  1078
 643.5
 221.7
-185.8
-578.2
-954.2
 -1313
 -1653
 -1975
 -2284
 -2584
 -2880
 -3180
 -3488
 -3809
 -4149
 -4512
 -4895
 -5293
 -5702
 -6116
 -6531
 -6942
 -7345
 -7734
 -8102
 -8441
 -8743
 -8999
 -9203
 -9343
 -9343
 -9343
 -9343
 -9203
 -9002
 -8744
 -8436
 -8082
 -7687
 -7258
 -6801
 -6324
 -5834
 -5339
 -4846
 -4362
 -3895
 -3451
 -3029
 -2626
 -2242
 -1873
 -1517
 -1173
-837.1
-508.3
-186.1
 129.9
 439.8
 743.8
  1042
  1335
  1622
  1904
  2179
  2443
  2694
  2929
  3147
  3344
  3517
  3666
  3790
  3893
  3975
  4039
  4088
  4122
  4144
  4144
  4144
  4144
  4124
  4092
  4048
  3992
  3924
  3844
  3752
  3649
  3534
  3409
  3274
  3130
  2976
  2813
  2646
  2477
  2311
  2150
  1999
  1862
  1741
  1640
  1558
  1493
  1443
  1407
  1383
  1373
  1373
  1373
  1373
  1388
  1409
  1438
  1473
  1516
  1565
  1622
  1689
  1768
  1861
  1971
  2100
  2251
  2427
  2628
  2849
  3085
  3330
  3578
  3822
  4057
  4277
  4476
  4650
  4796
  4910
  4977
  4977
  4977
  4977
  4880
  4739
  4558
  4340
  4092
  3817
  3521
  3207
  2880
  2541
  2190
  1827
  1453
  1069
 674.3
 269.9
-144.3
-569.7
 -1008
 -1461
 -1930
 -2418
 -2926
 -3455
 -4007
 -4576
 -5157
 -5744
 -6332
 -6914
 -7484
 -8037
 -8567
 -9067
 -9531
 -9950
32e+04
63e+04
88e+04
05e+04
05e+04
05e+04
05e+04
.1e+04
81e+04
56e+04
25e+04
 -9873
 -9444
 -8963
 -8436
 -7868
 -7264
 -6629
 -5968
 -5287
 -4589
 -3877
 -3150
 -2411
 -1658
-894.3
-119.4
 665.7
  1459
  2256
  3051
  3839
  4612
  5366
  6095
  6793
  7453
  8070
  8634
  9140
  9578
  9942
22e+04
42e+04
42e+04
42e+04
42e+04
26e+04
  9996
  9655
  9237
  8743
  8178
  7550
  6870
  6145
  5386
  4602
  3803
  2997
  2193
  1397
 614.3
-151.3
-894.7
 -1611
 -2295
 -2943
 -3550
 -4117
 -4644
 -5133
 -5584
 -5999
 -6379
 -6725
 -7037
 -7312
 -7547
 -7739
 -7884
 -7929
 -7929
 -7929
 -7929
 -7792
 -7591
 -7325
 -6992
 -6592
 -6122
 -5581
 -4969
 -4299
 -3581
 -2830
 -2059
 -1280
-506.5
 248.4
 973.2
  1663
  2314
  2922
  3484
  3997
  4456
  4858
  5201
  5489
  5729
  5927
  6090
  6222
  6332
  6424
  6503
  6565
  6565
  6565
  6565
  6513
  6393
  6218
  5983
  5688
  5334
  4924
  4459
  3941
  3372
  2753
  2088
  1393
 683.8
-23.04
  -710
 -1360
 -1958
 -2484
 -2927
 -3284
 -3556
 -3744
 -3744
 -3744
 -3744
 -3690
 -3483
 -3210
 -2882
 -2512
 -2111
 -1689
 -1260
-832.5
-418.3
-20.68
 358.3
 716.1
  1051
  1360
  1641
  1893
  2113
  2300
  2455
  2577
  2667
  2696
  2696
  2696
  2696
  2621
  2515
  2380
  2216
  2024
  1806
  1562
  1295
  1007
 703.4
 387.1
 62.16
-267.3
-597.6
-924.6
 -1245
 -1555
 -1851
 -2130
 -2389
 -2625
 -2833
 -3012
 -3159
 -3272
 -3352
 -3352
 -3352
 -3352
 -3343
 -3259
 -3143
 -2999
 -2832
 -2647
 -2448
 -2240
 -2028
 -1816
 -1609
 -1408
 -1216
 -1035
-866.6
-712.3
-574.2
-454.2
-353.3
  -269
-197.9
-136.7
-81.99
-30.46
 21.27
 76.57
 138.3
 207.1
 283.5
 367.4
 459.3
 559.3
 667.8
 784.9
 910.7
  1044
  1184
  1329
  1478
  1630
  1783
  1936
  2089
  2241
  2393
  2545
  2697
  2849
  3003
  3159
  3315
  3471
  3621
  3765
  3898
  4018
  4121
  4204
  4265
  4265
  4265
  4265
  4235
  4147
  4022
  3857
  3652
  3410
  3134
  2828
  2496
  2143
  1773
  1388
 994.5
 594.9
 193.3
-206.6
-601.2
-986.5
 -1359
 -1715
 -2051
 -2366
 -2662
 -2936
 -3191
 -3425
 -3638
 -3831
 -4004
 -4156
 -4289
 -4401
 -4494
 -4568
 -4622
 -4654
 -4654
 -4654
 -4654
 -4617
 -4562
 -4490
 -4402
 -4297
 -4177
 -4043
 -3898
 -3744
 -3584
 -3421
 -3256
 -3092
 -2932
 -2778
 -2630
 -2490
 -2360
 -2241
 -2135
 -2043
 -1966
 -1903
 -1852
 -1811
 -1779
 -1753
 -1732
 -1714
 -1697
 -1679
 -1658
 -1632
 -1599
 -1555
 -1500
 -1432
 -1347
 -1247
 -1129
-994.9
-843.3
-674.1
-486.9
-281.5
 -58.1
 180.6
 431.1
 690.2
 954.5
  1221
  1485
  1745
  1996
  2234
  2454
  2651
  2819
  2954
  3051
  3051
  3051
  3051
  2986
  2857
  2686
  2474
  2223
  1935
  1611
  1257
 881.3
 488.9
 87.09
-317.5
-718.2
 -1108
 -1482
 -1835
 -2165
 -2469
 -2744
 -2986
 -3194
 -3363
 -3492
 -3579
 -3579
 -3579
 -3579
 -3518
 -3400
 -3241
 -3041
 -2802
 -2523
 -2207
 -1854
 -1465
 -1041
-584.3
-95.19
 421.5
 960.5
  1517
  2086
  2662
  3240
  3815
  4382
  4934
  5467
  5974
  6448
  6884
  7276
  7617
  7903
  8132
  8303
  8402
  8402
  8402
  8402
  8278
  8093
  7851
  7557
  7214
  6828
  6401
  5939
  5445
  4924
  4381
  3822
  3252
  2677
  2103
  1534
 976.4
 435.6
-84.47
  -580
 -1048
 -1483
 -1883
 -2243
 -2560
 -2831
 -3055
 -3233
 -3365
 -3438
 -3438
 -3438
 -3438
 -3345
 -3213
 -3044
 -2845
 -2620
 -2372
 -2107
 -1829
 -1543
 -1253
-962.3
-676.4
-399.1
-134.8
 112.4
   338
 538.6
 713.4
 862.2
 985.2
  1082
  1153
  1179
  1179
  1179
  1179
  1126
  1052
 958.8
 849.4
 725.1
 587.9
 439.5
 281.8
 116.8
-53.66
-227.8
-403.8
-579.6
-753.5
-923.8
 -1089
 -1248
 -1401
 -1544
 -1679
 -1803
 -1916
 -2016
 -2105
 -2182
 -2250
 -2308
 -2357
 -2399
 -2433
 -2461
 -2485
 -2503
 -2519
 -2532
 -2544
 -2556
 -2569
 -2583
 -2599
 -2617
 -2638
 -2661
 -2688
 -2718
 -2751
 -2788
 -2829
 -2872
 -2918
 -2965
 -3014
 -3063
 -3112
 -3161
 -3208
 -3252
 -3291
 -3324
 -3349
 -3350
 -3350
 -3350
 -3350
 -3321
 -3281
 -3230
 -3168
 -3094
 -3009
 -2913
 -2806
 -2688
 -2559
 -2419
 -2268
 -2105
 -1932
 -1747
 -1550
 -1339
 -1115
-875.4
-619.9
-347.4
-56.87
   252
   577
 915.1
  1264
  1620
  1980
  2343
  2704
  3061
  3411
  3749
  4071
  4374
  4653
  4906
  5128
  5315
  5467
  5584
  5663
  5663
  5663
  5663
  5605
  5493
  5343
  5154
  4928
  4666
  4368
  4035
  3667
  3267
  2836
  2381
  1903
  1407
 897.7
 378.2
-147.5
  -675
 -1198
 -1709
 -2203
 -2672
 -3109
 -3509
 -3863
 -4167
 -4417
 -4613
 -4752
 -4752
 -4752
 -4752
 -4721
 -4559
 -4340
 -4067
 -3747
 -3386
 -2987
 -2557
 -2102
 -1625
 -1133
-631.3
-124.6
 381.8
 882.8
  1373
  1847
  2300
  2730
  3135
  3514
  3864
  4185
  4474
  4730
  4951
  5137
  5289
  5408
  5493
  5508
  5508
  5508
  5508
  5434
  5332
  5204
  5051
  4875
  4678
  4462
  4229
  3982
  3724
  3459
  3189
  2918
  2649
  2385
  2130
  1885
  1653
  1435
  1232
  1048
 883.2
 739.9
 619.4
 520.6
 441.7
   381
 336.7
 307.1
   301
   301
   301
   301
 317.8
 337.8
 358.7
 378.5
   395
   395
   395
   395
 392.4
 370.1
 337.9
 295.2
 241.5
 176.2
 98.82
 9.022
-93.44
-208.7
-337.2
-478.9
-634.2
-803.3
-986.3
 -1183
 -1392
 -1614
 -1849
 -2094
 -2351
 -2618
 -2895
 -3179
 -3469
 -3761
 -4053
 -4342
 -4627
 -4905
 -5173
 -5428
 -5670
 -5895
 -6100
 -6285
 -6446
 -6582
 -6690
 -6770
 -6817
 -6817
 -6817
 -6817
 -6761
 -6679
 -6570
 -6435
 -6277
 -6095
 -5892
 -5669
 -5426
 -5165
 -4888
 -4595
 -4287
 -3967
 -3635
 -3293
 -2943
 -2584
 -2220
 -1851
 -1481
 -1111
-743.2
-380.6
-25.23
 320.8
 655.4
 976.8
  1283
  1573
  1845
  2096
  2326
  2532
  2714
  2871
  3004
  3112
  3195
  3255
  3260
  3260
  3260
  3260
  3208
  3139
  3054
  2956
  2846
  2727
  2601
  2469
  2332
  2193
  2052
  1912
  1774
  1640
  1511
  1386
  1265
  1148
  1033
 921.5
 811.7
 703.3
 595.8
 489.1
 382.7
 276.5
 170.4
 63.91
-43.02
-150.7
-259.1
-367.6
-475.4
-581.4
-684.8
-784.8
-880.5
  -971
 -1055
 -1132
 -1200
 -1258
 -1304
 -1337
 -1337
 -1337
 -1337
 -1311
 -1258
 -1182
 -1083
-958.2
-806.6
-626.3
-416.3
-178.2
 85.55
 372.9
 681.6
  1009
  1354
  1713
  2084
  2462
  2841
  3217
  3584
  3937
  4270
  4578
  4856
  5103
  5316
  5494
  5635
  5738
  5738
  5738
  5738
  5736
  5636
  5500
  5331
  5133
  4908
  4659
  4388
  4099
  3796
  3480
  3156
  2827
  2497
  2167
  1842
  1523
  1211
 906.9
 612.3
 328.2
 55.77
-203.9
-449.7
-681.3
-898.8
 -1102
 -1290
 -1464
 -1623
 -1767
 -1896
 -2009
 -2107
 -2187
 -2250
 -2296
 -2296
 -2296
 -2296
 -2292
 -2247
 -2188
 -2116
 -2032
 -1937
 -1835
 -1726
 -1611
 -1492
 -1371
 -1249
 -1127
 -1008
  -892
-780.9
-673.7
-569.4
-466.6
-364.4
-261.6
-156.9
 -49.2
 62.13
   176
   291
 405.3
 517.6
 626.2
 729.6
 826.2
 914.5
 992.8
  1060
  1114
  1153
  1153
  1153
  1153
  1133
  1080
  1012
 930.7
 839.3
 740.3
 636.4
 530.3
 424.3
 319.9
 218.6
 121.5
 29.81
-55.03
-131.8
-199.3
-256.5
-304.2
-343.5
-375.5
-401.2
-421.8
-438.3
-451.9
-463.5
-474.4
-485.3
-497.4
-511.7
-529.2
-550.8
-577.7
-610.8
-651.2
-700.2
-758.8
-828.3
-909.6
 -1004
 -1113
 -1237
 -1375
 -1527
 -1692
 -1868
 -2056
 -2253
 -2460
 -2674
 -2895
 -3119
 -3343
 -3567
 -3786
 -4000
 -4204
 -4398
 -4579
 -4746
 -4898
 -5034
 -5153
 -5252
 -5332
 -5390
 -5400
 -5400
 -5400
 -5400
 -5346
 -5268
 -5167
 -5042
 -4894
 -4723
 -4531
 -4319
 -4086
 -3835
 -3565
 -3278
 -2976
 -2660
 -2333
 -1996
 -1652
 -1301
  -947
-590.9
  -235
 118.3
 467.1
   809
  1142
  1464
  1772
  2065
  2342
  2602
  2845
  3069
  3275
  3462
  3629
  3775
  3902
  4011
  4103
  4178
  4237
  4283
  4315
  4331
  4331
  4331
  4331
  4312
  4285
  4251
  4211
  4166
  4116
  4062
  4004
  3941
  3874
  3803
  3729
  3652
  3571
  3486
  3399
  3307
  3213
  3114
  3013
  2908
  2800
  2689
  2576
  2461
  2346
  2229
  2111
  1994
  1878
  1763
  1652
  1543
  1440
  1341
  1249
  1164
  1086
  1015
 949.6
 890.4
 836.9
 788.9
   746
 707.9
 673.9
 643.3
 615.3
 589.3
 564.6
 540.3
 515.9
 490.7
   465
 439.1
 413.6
 388.7
   365
 342.7
 322.4
 304.3
   288
   273
 258.9
 245.3
 231.6
 217.3
   202
   185
 165.2
 141.2
 111.7
 75.33
 30.74
-23.41
-88.45
-165.3
-253.3
-351.2
-458.1
-572.7
  -694
-820.9
-952.2
 -1087
 -1223
 -1358
 -1492
 -1621
 -1745
 -1861
 -1968
 -2063
 -2148
 -2221
 -2284
 -2335
 -2375
 -2405
 -2421
 -2421
 -2421
 -2421
 -2401
 -2372
 -2335
 -2291
 -2239
 -2181
 -2116
 -2046
 -1971
 -1892
 -1810
 -1724
 -1636
 -1546
 -1455
 -1364
 -1273
 -1182
 -1093
 -1007
  -923
-842.7
-766.1
-693.6
-625.4
-561.7
-502.9
-449.1
-400.6
-357.8
-320.6
-289.3
-264.1
-245.1
-233.7
-233.7
-233.7
-233.7
-246.6
-264.2
-285.7
-310.1
-336.2
-363.2
-390.1
-415.8
-439.7
  -461
-478.9
-492.7
-492.8
-492.8
-492.8
-492.8
-477.1
-456.3
-431.4
-403.2
-372.8
  -341
-308.9
-277.2
  -246
-215.2
-184.6
-154.1
-123.7
-93.17
-62.44
-31.32
0.5277
 33.54
 68.12
 104.7
 143.7
 185.5
 230.5
   279
 330.3
 383.6
 437.9
 492.4
 546.3
 598.7
 648.7
 695.6
 739.4
   780
 817.6
 852.2
 883.8
 912.5
 938.3
 961.4
 981.8
 999.7
  1015
  1029
  1040
  1049
  1056
  1062
  1062
  1062
  1062
  1057
  1047
  1031
  1011
 984.5
 953.4
 917.9
 879.1
 837.6
 794.2
 749.8
   705
 660.7
 616.9
 573.6
 530.8
 488.7
 447.2
 406.3
 366.1
 326.5
 287.3
   248
 208.5
 168.2
   127
 84.45
  40.2
-5.808
-52.62
-99.04
-143.8
-185.8
-223.8
-256.5
-282.7
-301.6
  -309
  -309
  -309
  -309
-295.9
-277.7
-254.9
  -228
-198.7
-168.5
-139.4
  -113
-91.05
-80.67
-80.67
-80.67
-80.67
-101.1
-130.5
-168.5
-214.9
-269.5
  -332
-401.8
-477.8
-558.6
-642.6
-728.4
-814.5
-899.7
-982.2
 -1061
 -1134
 -1201
 -1260
 -1309
 -1347
 -1370
 -1370
 -1370
 -1370
 -1340
 -1297
 -1241
 -1173
 -1092
-999.7
-896.3
-783.3
-662.2
-534.7
-402.5
  -267
  -130
 6.956
 142.6
 276.7
 409.5
 541.1
 671.9
 801.9
 931.2
  1060
  1189
  1317
  1444
  1570
  1695
  1818
  1938
  2057
  2172
  2284
  2389
  2487
  2577
  2656
  2723
  2777
  2816
  2833
  2833
  2833
  2833
  2804
  2763
  2709
  2645
  2569
  2482
  2384
  2276
  2157
  2029
  1891
  1744
  1587
  1419
  1240
  1050
 847.9
 632.8
 404.6
   163
-90.47
-354.1
-625.9
  -904
 -1187
 -1472
 -1758
 -2043
 -2325
 -2600
 -2868
 -3126
 -3372
 -3603
 -3816
 -4011
 -4186
 -4339
 -4471
 -4581
 -4667
 -4729
 -4729
 -4729
 -4729
 -4726
 -4663
 -4578
 -4470
 -4339
 -4187
 -4014
 -3822
 -3611
 -3384
 -3141
 -2885
 -2616
 -2336
 -2046
 -1748
 -1445
 -1137
-826.1
-514.6
  -204
   104
 407.6
 704.7
 993.5
  1272
  1538
  1790
  2025
  2242
  2439
  2615
  2772
  2907
  3022
  3116
  3190
  3243
  3263
  3263
  3263
  3263
  3228
  3182
  3124
  3058
  2984
  2905
  2820
  2732
  2641
  2549
  2456
  2365
  2275
  2189
  2108
  2033
  1965
  1906
  1857
  1819
  1794
  1794
  1794
  1794
  1810
  1842
  1884
  1937
  1999
  2068
  2143
  2220
  2299
  2375
  2448
  2514
  2572
  2620
  2657
  2663
  2663
  2663
  2663
  2623
  2564
  2484
  2384
  2262
  2118
  1950
  1760
  1544
  1304
  1040
 751.6
 440.3
 106.7
-248.7
-625.1
 -1022
 -1438
 -1871
 -2319
 -2779
 -3247
 -3723
 -4202
 -4682
 -5161
 -5636
 -6105
 -6564
 -7012
 -7445
 -7861
 -8258
 -8632
 -8982
 -9303
 -9593
 -9850
07e+04
25e+04
39e+04
46e+04
46e+04
46e+04
46e+04
35e+04
19e+04
 -9966
 -9687
 -9349
 -8952
 -8498
 -7986
 -7420
 -6799
 -6126
 -5400
 -4624
 -3800
 -2932
 -2023
 -1076
-93.96
 919.1
  1960
  3026
  4108
  5198
  6289
  7372
  8438
  9479
49e+04
46e+04
38e+04
24e+04
04e+04
77e+04
43e+04
.6e+04
48e+04
86e+04
14e+04
23e+04
23e+04
23e+04
23e+04
.7e+04
66e+04
21e+04
66e+04
02e+04
29e+04
47e+04
58e+04
62e+04
06e+04
  9515
  8385
  7215
  6015
  4793
  3560
  2324
  1095
-119.6
 -1312
 -2477
 -3607
 -4697
 -5739
 -6729
 -7659
 -8525
 -9324
05e+04
72e+04
31e+04
83e+04
28e+04
66e+04
97e+04
32e+04
36e+04
36e+04
36e+04
36e+04
33e+04
16e+04
93e+04
63e+04
29e+04
19e+04
46e+04
99e+04
48e+04
 -9943
 -9384
 -8807
 -8217
 -7619
 -7019
 -6422
 -5833
 -5256
 -4697
 -4157
 -3636
 -3133
 -2650
 -2187
 -1743
 -1320
  -916
-529.3
-156.7
 205.2
 559.6
 909.6
  1258
  1609
  1965
  2324
  2687
  3052
  3417
  3783
  4147
  4510
  4868
  5219
  5559
  5884
  6189
  6470
  6725
  6947
  7135
  7286
  7400
  7464
  7464
  7464
  7464
  7377
  7248
  7077
  6868
  6620
  6337
  6019
  5669
  5287
  4878
  4443
  3987
  3513
  3026
  2530
  2029
  1526
  1026
 533.8
 54.46
-406.4
-843.5
 -1252
 -1626
 -1960
 -2250
 -2496
 -2696
 -2850
 -2959
 -2959
 -2959
 -2959
 -2937
 -2819
 -2663
 -2470
 -2244
 -1990
 -1710
 -1407
 -1086
-748.7
-399.9
 -42.7
 319.5
 683.1
  1045
  1401
  1748
  2082
  2400
  2698
  2973
  3219
  3435
  3616
  3759
  3865
  3907
  3907
  3907
  3907
  3824
  3704
  3548
  3358
  3137
  2887
  2612
  2314
  1996
  1661
  1312
   950
 578.3
 198.9
-185.9
  -574
-963.2
 -1351
 -1735
 -2113
 -2480
 -2834
 -3171
 -3488
 -3781
 -4047
 -4283
 -4488
 -4661
 -4802
 -4910
 -4985
 -4985
 -4985
 -4985
 -4938
 -4845
 -4725
 -4580
 -4413
 -4227
 -4024
 -3807
 -3579
 -3340
 -3092
 -2839
 -2580
 -2318
 -2056
 -1794
 -1534
 -1277
 -1025
-780.1
-542.4
-313.9
-95.72
 110.7
   305
 486.7
 655.6
 811.4
 953.7
  1082
  1197
  1297
  1384
  1458
  1520
  1572
  1614
  1647
  1672
  1690
  1690
  1690
  1690
  1689
  1669
  1642
  1607
  1564
  1513
  1455
  1391
  1320
  1244
  1163
  1076
 986.5
 893.7
 799.6
 705.5
 612.9
 523.2
 437.8
   358
 285.1
 218.9
 159.3
 105.8
 58.12
 16.03
-20.83
-52.74
-80.04
-103.1
-122.4
-138.2
  -151
-161.2
-169.2
-175.4
-180.2
  -184
-187.3
-190.5
-194.1
-198.5
-204.1
-211.4
-220.8
-232.9
-248.3
-267.3
-290.6
-318.6
  -352
-391.3
-436.7
-487.5
-542.9
  -602
-663.7
-727.3
-791.7
-856.1
-919.5
-980.8
 -1039
 -1092
 -1140
 -1182
 -1215
 -1239
 -1239
 -1239
 -1239
 -1238
 -1213
 -1179
 -1137
 -1085
 -1026
-958.8
  -886
-808.7
-728.4
-646.5
-564.2
-482.9
  -404
-327.7
-254.3
-184.2
-117.5
 -54.5
 4.538
 59.38
 109.9
 156.3
 199.2
 238.9
 275.9
 310.5
 343.2
 374.5
 404.7
 433.6
   461
 486.6
 510.3
 531.7
 550.7
   567
 580.5
 591.2
 599.2
 604.6
 604.6
 604.6
 604.6
   604
 598.9
   592
 583.5
 573.3
 561.6
 548.5
   534
 518.3
 501.4
 483.2
 463.6
 442.5
 419.8
 395.3
 369.1
 340.9
 310.7
 279.2
 247.1
   215
 183.6
 153.7
 125.9
 100.9
 79.39
  61.8
 48.47
 45.25
 45.25
 45.25
 45.25
 58.81
 78.84
 105.7
 139.7
 181.1
 230.4
 287.7
 353.6
 428.2
 511.7
 603.8
 703.8
 811.1
 925.1
  1045
  1171
  1302
  1436
  1573
  1708
  1841
  1967
  2085
  2193
  2286
  2365
  2426
  2471
  2471
  2471
  2471
  2469
  2421
  2353
  2266
  2160
  2038
  1899
  1744
  1575
  1393
  1198
 990.7
 772.9
 545.2
 308.4
  63.3
-189.2
-448.1
-712.2
-978.8
 -1245
 -1506
 -1761
 -2005
 -2236
 -2450
 -2645
 -2819
 -2972
 -3103
 -3213
 -3300
 -3364
 -3391
 -3391
 -3391
 -3391
 -3350
 -3296
 -3230
 -3156
 -3076
 -2992
 -2905
 -2815
 -2724
 -2632
 -2540
 -2447
 -2356
 -2265
 -2177
 -2091
 -2008
 -1928
 -1853
 -1782
 -1715
 -1655
 -1600
 -1552
 -1509
 -1473
 -1444
 -1422
 -1407
 -1406
 -1406
 -1406
 -1406
 -1412
 -1418
 -1418
 -1418
 -1418
 -1410
 -1395
 -1372
 -1343
 -1305
 -1259
 -1204
 -1139
 -1065
-979.7
-884.1
-777.4
-659.3
-529.4
-387.3
-232.6
-64.78
 116.9
 313.1
 524.5
 751.7
 995.5
  1256
  1535
  1830
  2141
  2466
  2804
  3154
  3515
  3886
  4265
  4649
  5035
  5418
  5796
  6164
  6520
  6859
  7179
  7474
  7742
  7977
  8176
  8334
  8448
  8448
  8448
  8448
  8402
  8265
  8079
  7847
  7569
  7246
  6880
  6476
  6037
  5569
  5077
  4566
  4039
  3502
  2960
  2415
  1871
  1331
 796.1
 270.9
-242.3
-740.7
 -1221
 -1682
 -2120
 -2535
 -2922
 -3280
 -3607
 -3901
 -4160
 -4384
 -4572
 -4727
 -4847
 -4933
 -4950
 -4950
 -4950
 -4950
 -4881
 -4788
 -4674
 -4543
 -4398
 -4241
 -4076
 -3904
 -3728
 -3550
 -3371
 -3195
 -3024
 -2858
 -2701
 -2554
 -2418
 -2294
 -2184
 -2089
 -2010
 -1950
 -1908
 -1908
 -1908
 -1908
 -1923
 -1971
 -2035
 -2115
 -2211
 -2321
 -2442
 -2574
 -2715
 -2862
 -3013
 -3167
 -3323
 -3477
 -3628
 -3774
 -3912
 -4042
 -4161
 -4267
 -4358
 -4433
 -4490
 -4508
 -4508
 -4508
 -4508
 -4453
 -4372
 -4265
 -4135
 -3983
 -3811
 -3620
 -3411
 -3187
 -2949
 -2698
 -2437
 -2168
 -1892
 -1612
 -1330
 -1047
-764.3
-482.4
-199.8
 84.82
 372.4
   664
 960.9
  1264
  1574
  1891
  2212
  2538
  2868
  3199
  3532
  3865
  4197
  4524
  4843
  5151
  5443
  5716
  5966
  6189
  6384
  6547
  6678
  6775
  6813
  6813
  6813
  6813
  6730
  6608
  6451
  6258
  6030
  5769
  5475
  5150
  4795
  4412
  4005
  3575
  3127
  2662
  2184
  1696
  1201
 702.8
 205.6
-286.1
  -768
 -1236
 -1685
 -2112
 -2512
 -2881
 -3217
 -3516
 -3775
 -3990
 -4159
 -4278
 -4278
 -4278
 -4278
 -4239
 -4104
 -3923
 -3696
 -3423
 -3107
 -2754
 -2368
 -1957
 -1526
 -1081
-627.5
-172.4
 278.9
 721.9
  1152
  1566
  1959
  2327
  2666
  2972
  3240
  3471
  3666
  3824
  3946
  4033
  4037
  4037
  4037
  4037
  3958
  3851
  3718
  3560
  3379
  3178
  2959
  2724
  2477
  2221
  1960
  1697
  1435
  1178
 928.2
 688.9
   462
 249.5
 53.73
-123.3
-279.3
-412.2
-520.4
-604.8
-666.9
-708.2
-708.2
-708.2
-708.2
  -695
-654.8
-603.3
-542.8
-475.5
-403.6
-329.1
-254.3
-181.4
-112.6
-50.02
 3.907
 46.86
 63.14
 63.14
 63.14
 63.14
 17.15
-51.53
  -143
-257.5
-395.3
-556.4
  -741
-949.5
 -1181
 -1433
 -1703
 -1986
 -2279
 -2579
 -2883
 -3186
 -3487
 -3781
 -4068
 -4345
 -4611
 -4862
 -5097
 -5314
 -5511
 -5687
 -5842
 -5975
 -6086
 -6173
 -6238
 -6251
 -6251
 -6251
 -6251
 -6189
 -6101
 -5984
 -5839
 -5665
 -5460
 -5227
 -4968
 -4683
 -4376
 -4047
 -3698
 -3331
 -2949
 -2553
 -2147
 -1735
 -1318
-900.4
-485.4
-75.71
 325.7
 716.9
  1096
  1462
  1812
  2145
  2460
  2754
  3025
  3275
  3501
  3705
  3886
  4044
  4178
  4289
  4377
  4443
  4489
  4512
  4512
  4512
  4512
  4487
  4453
  4413
  4368
  4321
  4272
  4225
  4181
  4142
  4110
  4084
  4065
  4053
  4053
  4053
  4053
  4063
  4079
  4098
  4120
  4142
  4162
  4179
  4184
  4184
  4184
  4184
  4162
  4128
  4082
  4021
  3946
  3854
  3745
  3619
  3476
  3319
  3147
  2960
  2760
  2548
  2323
  2087
  1843
  1590
  1331
  1066
 798.2
 527.8
 256.3
-15.12
-285.5
-553.9
-819.4
 -1081
 -1337
 -1588
 -1831
 -2067
 -2295
 -2514
 -2723
 -2921
 -3109
 -3285
 -3449
 -3600
 -3740
 -3867
 -3983
 -4086
 -4178
 -4259
 -4328
 -4386
 -4434
 -4472
 -4502
 -4523
 -4537
 -4537
 -4537
 -4537
 -4527
 -4509
 -4486
 -4456
 -4420
 -4379
 -4332
 -4279
 -4220
 -4155
 -4083
 -4006
 -3921
 -3831
 -3733
 -3629
 -3518
 -3400
 -3277
 -3146
 -3010
 -2867
 -2717
 -2562
 -2403
 -2238
 -2070
 -1899
 -1725
 -1549
 -1372
 -1194
 -1015
  -837
-659.6
-483.5
-309.2
-137.6
 31.23
 196.5
 357.6
 514.1
 665.4
 810.9
   950
  1082
  1207
  1324
  1433
  1535
  1628
  1712
  1788
  1856
  1914
  1964
  2007
  2042
  2070
  2092
  2108
  2119
  2120
  2120
  2120
  2120
  2111
  2099
  2085
  2068
  2048
  2027
  2004
  1980
  1954
  1927
  1900
  1871
  1842
  1813
  1784
  1755
  1726
  1697
  1669
  1641
  1614
  1588
  1562
  1535
  1509
  1482
  1454
  1424
  1394
  1362
  1329
  1295
  1260
  1224
  1188
  1152
  1115
  1079
  1043
  1009
 975.5
 944.6
   916
 890.4
 868.1
 848.9
 832.7
 819.3
 808.5
 800.2
 794.1
   790
 787.8
 787.8
 787.8
 787.8
 787.7
 787.7
 787.7
 785.7
 781.8
 775.9
 767.6
 756.6
 742.9
   726
 705.8
   682
 654.3
 622.5
 586.3
 545.4
 499.7
 448.7
 392.3
 330.2
 262.2
 188.3
 108.6
 23.14
   -68
-164.7
  -267
-374.7
-487.7
-604.9
-725.5
-848.4
-972.7
 -1097
 -1221
 -1343
 -1462
 -1577
 -1686
 -1790
 -1885
 -1972
 -2048
 -2113
 -2166
 -2205
 -2231
 -2231
 -2231
 -2231
 -2203
 -2161
 -2104
 -2034
 -1950
 -1853
 -1743
 -1621
 -1487
 -1342
 -1185
 -1019
-843.4
  -660
-469.6
-273.3
-72.12
 132.9
 340.7
 549.2
 756.4
 960.3
  1159
  1350
  1531
  1701
  1857
  1999
  2126
  2237
  2331
  2408
  2467
  2508
  2508
  2508
  2508
  2485
  2438
  2377
  2301
  2213
  2113
  2001
  1878
  1745
  1601
  1448
  1284
  1112
 931.6
 743.2
 548.3
 347.7
 142.6
-66.08
-277.1
-489.6
-702.2
  -913
 -1120
 -1320
 -1511
 -1692
 -1859
 -2011
 -2146
 -2262
 -2360
 -2438
 -2497
 -2520
 -2520
 -2520
 -2520
 -2473
 -2407
 -2324
 -2226
 -2114
 -1989
 -1854
 -1709
 -1558
 -1401
 -1241
 -1080
-919.4
-760.9
-606.8
-458.7
-317.4
-183.8
-58.43
 57.95
 164.5
 260.7
 345.7
 419.1
 481.2
 532.8
 574.3
 606.4
 629.8
   645
   645
   645
   645
 634.5
 615.5
 590.4
 559.4
 522.6
 480.3
 432.6
 379.4
 320.4
 255.4
 184.1
 106.4
 22.08
-69.19
-167.3
-271.3
-379.8
-491.7
-605.5
-720.2
-834.3
-946.5
 -1056
 -1160
 -1257
 -1346
 -1424
 -1489
 -1541
 -1574
 -1574
 -1574
 -1574
 -1536
 -1480
 -1405
 -1312
 -1199
 -1067
-916.6
-750.4
-569.5
-375.1
  -169
 47.46
 272.8
 505.3
 742.6
 982.3
  1222
  1458
  1690
  1913
  2126
  2327
  2512
  2681
  2832
  2962
  3070
  3154
  3212
  3212
  3212
  3212
  3174
  3099
  2999
  2875
  2727
  2555
  2363
  2151
  1923
  1679
  1422
  1155
 878.5
 595.3
 307.2
 15.69
-277.6
  -571
-862.9
 -1152
 -1436
 -1713
 -1983
 -2243
 -2491
 -2728
 -2950
 -3156
 -3345
 -3515
 -3666
 -3796
 -3906
 -3995
 -4061
 -4096
 -4096
 -4096
 -4096
 -4048
 -3980
 -3891
 -3783
 -3658
 -3515
 -3356
 -3183
 -2998
 -2801
 -2595
 -2382
 -2162
 -1938
 -1712
 -1484
 -1256
 -1030
  -807
-588.5
-375.7
-170.5
 26.17
 213.6
 391.1
 558.3
 714.5
 859.4
 992.2
  1113
  1220
  1316
  1401
  1476
  1542
  1601
  1654
  1702
  1746
  1787
  1827
  1867
  1909
  1955
  2005
  2062
  2126
  2198
  2276
  2360
  2450
  2544
  2643
  2745
  2850
  2956
  3061
  3162
  3257
  3345
  3423
  3489
  3540
  3578
  3591
  3591
  3591
  3591
  3560
  3515
  3458
  3390
  3312
  3226
  3135
  3041
  2945
  2849
  2755
  2663
  2574
  2488
  2403
  2322
  2242
  2166
  2092
  2019
  1946
  1871
  1794
  1713
  1626
  1532
  1430
  1320
  1201
  1074
   937
 791.3
 636.4
 472.1
 298.6
   117
-71.24
-264.7
-461.9
-661.3
-861.5
 -1061
 -1259
 -1453
 -1644
 -1829
 -2009
 -2182
 -2348
 -2504
 -2652
 -2790
 -2919
 -3040
 -3152
 -3257
 -3354
 -3445
 -3528
 -3604
 -3672
 -3733
 -3785
 -3827
 -3861
 -3884
 -3884
 -3884
 -3884
 -3868
 -3835
 -3787
 -3727
 -3651
 -3562
 -3458
 -3339
 -3208
 -3063
 -2905
 -2735
 -2553
 -2360
 -2156
 -1944
 -1726
 -1502
 -1274
 -1045
-814.2
-584.6
-357.2
-132.8
 87.58
 302.8
 511.8
 713.6
 907.2
  1092
  1266
  1431
  1585
  1729
  1861
  1981
  2090
  2187
  2270
  2341
  2399
  2444
  2474
  2474
  2474
  2474
  2455
  2414
  2358
  2287
  2202
  2101
  1984
  1853
  1708
  1551
  1384
  1209
  1026
 838.7
 647.6
 454.7
 262.3
 72.21
-113.4
-292.5
  -463
  -623
  -770
-902.7
 -1020
 -1123
 -1211
 -1284
 -1341
 -1384
 -1403
 -1403
 -1403
 -1403
 -1373
 -1332
 -1280
 -1217
 -1145
 -1065
-976.6
-881.4
-780.1
-673.3
-561.9
-446.6
-328.2
-207.6
-86.38
 33.63
 150.7
 263.1
 369.2
   467
 554.9
 631.3
 695.1
 745.5
 781.5
 781.5
 781.5
 781.5
 764.4
 715.8
 650.5
 570.5
 477.7
 374.3
 262.2
 143.5
 20.13
-105.8
-232.8
-359.1
-483.3
-603.7
-718.7
-826.6
  -926
 -1016
 -1095
 -1166
 -1228
 -1281
 -1326
 -1363
 -1393
 -1416
 -1432
 -1432
 -1432
 -1432
 -1426
 -1406
 -1378
 -1343
 -1301
 -1251
 -1193
 -1129
 -1058
-980.4
-896.2
  -806
-711.2
-613.7
-515.3
-417.8
-322.9
-232.5
-148.4
-72.06
-4.283
 54.56
   104
 143.5
 172.7
 180.1
 180.1
 180.1
 180.1
   157
 126.6
 90.33
 49.57
 5.788
-39.57
-85.21
-130.2
-173.9
-215.6
-254.5
-289.8
  -321
-347.1
-367.8
-383.1
-393.5
-393.5
-393.5
-393.5
-392.6
-383.6
-371.9
-358.1
-343.1
-327.5
-312.1
-297.7
  -285
-274.7
-268.9
-268.9
-268.9
-268.9
  -278
  -292
-311.3
-336.1
-366.6
-401.7
-440.1
-480.4
-521.4
-561.7
-600.1
-635.1
-665.5
-689.4
-689.4
-689.4
-689.4
-683.7
-647.7
-594.3
-521.8
-430.1
-319.1
  -189
-39.64
 128.7
 316.1
 522.5
 747.6
 989.9
  1248
  1520
  1804
  2098
  2401
  2711
  3027
  3346
  3666
  3985
  4302
  4613
  4917
  5211
  5494
  5764
  6017
  6252
  6466
  6658
  6824
  6964
  7073
  7152
  7152
  7152
  7152
  7149
  7064
  6944
  6788
  6599
  6377
  6126
  5846
  5542
  5213
  4864
  4494
  4109
  3711
  3303
  2890
  2473
  2056
  1644
  1238
 840.6
 453.8
 79.08
-281.8
-627.3
-955.5
 -1265
 -1554
 -1823
 -2072
 -2302
 -2513
 -2705
 -2880
 -3036
 -3175
 -3297
 -3404
 -3495
 -3573
 -3637
 -3688
 -3727
 -3756
 -3774
 -3774
 -3774
 -3774
 -3773
 -3760
 -3743
 -3725
 -3707
 -3690
 -3676
 -3676
 -3676
 -3676
 -3682
 -3706
 -3740
 -3784
 -3837
 -3899
 -3969
 -4048
 -4133
 -4225
 -4321
 -4418
 -4513
 -4604
 -4688
 -4762
 -4822
 -4868
 -4874
 -4874
 -4874
 -4874
 -4828
 -4761
 -4671
 -4560
 -4427
 -4276
 -4109
 -3926
 -3731
 -3525
 -3311
 -3089
 -2863
 -2634
 -2405
 -2176
 -1950
 -1729
 -1515
 -1309
 -1113
-928.3
-755.2
-595.2
-449.1
-318.1
-203.4
-105.7
-25.84
 35.75
 78.52
 78.52
 78.52
 78.52
 50.76
 -8.14
-86.59
-182.7
-294.6
-420.2
-557.8
-705.3
-860.9
 -1022
 -1186
 -1349
 -1507
 -1657
 -1794
 -1915
 -2017
 -2097
 -2152
 -2152
 -2152
 -2152
 -2107
 -2023
 -1909
 -1762
 -1586
 -1382
 -1153
  -900
-626.7
-334.8
-26.76
   295
 627.7
 968.6
  1315
  1664
  2012
  2357
  2696
  3026
  3345
  3652
  3945
  4221
  4480
  4719
  4937
  5132
  5303
  5450
  5573
  5670
  5742
  5765
  5765
  5765
  5765
  5706
  5623
  5517
  5390
  5243
  5075
  4890
  4689
  4473
  4244
  4005
  3757
  3503
  3245
  2983
  2721
  2459
  2199
  1944
  1694
  1452
  1218
 995.7
 784.8
 586.5
 401.9
   232
 77.72
-59.96
-180.1
-281.8
-365.5
-431.6
-480.4
-512.5
-512.5
-512.5
-512.5
-482.7
-439.6
-385.6
-322.5
-252.5
-177.4
-99.15
-19.86
 58.73
 135.6
 209.8
 280.6
 347.1
 408.3
 463.5
 511.8
 552.5
 585.9
 612.6
 633.1
 647.9
 657.5
 657.5
 657.5
 657.5
 653.3
 642.1
 626.4
 605.9
 580.2
   549
   512
   469
 420.3
 366.2
 307.3
 243.7
 175.9
 104.3
 29.32
-48.45
-127.2
-204.7
  -279
  -348
-409.4
-461.3
-501.4
  -525
  -525
  -525
  -525
-496.2
-453.5
-396.8
-326.1
-241.8
-146.2
-41.91
  68.5
 182.2
 296.7
 409.2
 517.2
 618.1
 710.5
 792.7
 863.5
 921.4
 965.1
 972.5
 972.5
 972.5
 972.5
 931.7
 875.7
 805.6
 722.4
 627.3
 521.3
 405.6
 282.1
 152.8
 19.58
-115.5
-250.7
-383.7
-512.7
-635.9
-752.7
-862.4
-964.5
 -1059
 -1144
 -1221
 -1287
 -1344
 -1393
 -1436
 -1475
 -1511
 -1548
 -1586
 -1628
 -1677
 -1731
 -1793
 -1864
 -1942
 -2030
 -2129
 -2237
 -2357
 -2486
 -2621
 -2761
 -2904
 -3046
 -3185
 -3320
 -3448
 -3567
 -3677
 -3775
 -3861
 -3933
 -3990
 -4030
 -4030
 -4030
 -4030
 -4015
 -3968
 -3906
 -3827
 -3733
 -3623
 -3498
 -3357
 -3201
 -3029
 -2841
 -2637
 -2418
 -2183
 -1933
 -1669
 -1393
 -1106
-809.5
-504.3
-191.8
 126.4
 447.4
 768.1
  1085
  1395
  1696
  1982
  2253
  2504
  2734
  2941
  3125
  3283
  3415
  3519
  3594
  3611
  3611
  3611
  3611
  3555
  3478
  3383
  3273
  3148
  3011
  2864
  2709
  2548
  2382
  2214
  2045
  1877
  1711
  1546
  1382
  1220
  1060
 901.3
 744.5
 589.3
 436.3
 285.7
   138
-6.609
-147.7
-284.8
-417.7
-545.7
  -668
-783.3
-890.4
-988.2
 -1075
 -1151
 -1213
 -1262
 -1297
 -1302
 -1302
 -1302
 -1302
 -1271
 -1227
 -1172
 -1105
 -1028
-943.3
-850.9
-752.3
-648.8
-541.5
-431.6
-319.8
-206.4
-91.94
 23.03
   138
 252.7
 366.3
 478.4
 587.9
 693.7
 794.5
 889.4
 976.9
  1056
  1126
  1185
  1233
  1270
  1297
  1297
  1297
  1297
  1289
  1259
  1219
  1172
  1121
  1066
  1011
 957.5
 907.9
 863.9
 825.4
   792
 763.2
 738.3
 716.9
 698.6
 682.7
 668.4
   654
 637.1
 615.7
 587.4
 550.1
 501.6
 439.8
 363.1
 273.4
 173.2
 64.84
 -49.1
  -166
-283.5
-399.1
-510.2
-614.1
-708.3
-789.9
-856.4
  -905
  -905
  -905
  -905
-874.5
-809.8
-726.4
-626.7
-513.1
-387.9
-253.5
-112.3
 33.71
 182.5
   332
 480.2
 625.2
 764.9
 897.3
  1021
  1135
  1241
  1339
  1430
  1513
  1589
  1659
  1722
  1779
  1827
  1867
  1897
  1902
  1902
  1902
  1902
  1870
  1822
  1759
  1678
  1579
  1462
  1325
  1168
 991.3
 797.6
 588.1
 364.3
 127.8
-119.8
-376.9
-641.7
-911.6
 -1184
 -1456
 -1725
 -1987
 -2241
 -2484
 -2712
 -2924
 -3118
 -3292
 -3443
 -3571
 -3673
 -3748
 -3762
 -3762
 -3762
 -3762
 -3700
 -3613
 -3504
 -3372
 -3220
 -3050
 -2865
 -2666
 -2458
 -2243
 -2023
 -1802
 -1582
 -1363
 -1148
-936.5
  -730
-529.4
-335.5
-149.6
 27.88
 196.5
   356
 506.4
 647.5
 779.1
   901
  1013
  1115
  1207
  1288
  1358
  1417
  1464
  1500
  1517
  1517
  1517
  1517
  1492
  1455
  1406
  1348
  1278
  1199
  1109
  1010
 899.8
   780
 650.3
 510.6
 360.9
 201.6
 33.25
-143.1
-326.4
-515.8
-710.4
-909.2
 -1111
 -1315
 -1518
 -1718
 -1911
 -2095
 -2267
 -2423
 -2562
 -2679
 -2776
 -2851
 -2904
 -2904
 -2904
 -2904
 -2894
 -2834
 -2753
 -2654
 -2538
 -2407
 -2265
 -2112
 -1952
 -1786
 -1615
 -1439
 -1258
 -1073
-884.3
-691.3
-494.7
-294.8
 -92.3
 112.2
 318.2
 524.8
 731.5
 937.6
  1142
  1345
  1544
  1738
  1924
  2102
  2268
  2422
  2562
  2686
  2796
  2891
  2975
  3048
  3111
  3165
  3212
  3254
  3291
  3325
  3356
  3387
  3418
  3452
  3488
  3527
  3569
  3611
  3651
  3686
  3715
  3722
  3722
  3722
  3722
  3690
  3643
  3581
  3503
  3409
  3298
  3170
  3026
  2869
  2700
  2522
  2336
  2145
  1950
  1753
  1555
  1355
  1154
 950.8
   746
 539.3
 330.7
 120.2
-91.91
-305.4
-520.1
-735.8
-735.8
-735.8
-735.8
